20.0465
20.0465
20.0465
20.0461
20.0462
20.0464
20.0456
20.0465
20.0462
20.0459
20.0464
20.0465
20.0461
20.0459
20.0468
20.0466
20.0464
20.047
20.0463
20.0467
20.047
20.0462
20.0466
20.0462
20.0462
20.0462
20.0464
20.0461
20.0458
20.0463
20.0459
20.0465
20.0461
20.0465
20.047
20.0463
20.0465
20.0465
20.0463
20.0458
20.0463
20.0464
20.0463
20.0457
20.0459
20.046
20.0463
20.0462
20.0461
20.0465
20.0462
20.0463
20.046
20.046
20.0456
20.0462
20.0467
20.0461
20.0465
20.0465
20.0461
20.0464
20.0463
20.0466
20.0466
20.047
20.0466
20.0468
20.0469
20.0474
20.0466
20.0467
20.0461
20.0464
20.0462
20.0461
20.0469
20.0466
20.0462
20.0461
20.0453
20.0467
20.046
20.0467
20.0458
20.0465
20.0467
20.0465
20.0468
20.0463
20.046
20.046
20.0465
20.0459
20.0465
20.0463
20.0459
20.0466
20.046
20.0459
