20.0458
20.0457
20.0457
20.0458
20.0454
20.0454
20.0454
20.0452
20.0458
20.0463
20.0457
20.0461
20.046
20.0456
20.0458
20.0452
20.0452
20.0461
20.0455
20.0463
20.0461
20.0458
20.0458
20.0456
20.0458
20.0456
20.0457
20.0459
20.046
20.0457
20.0459
20.0457
20.0455
20.0457
20.0459
20.0458
20.046
20.0461
20.0462
20.0456
20.0466
20.0457
20.0463
20.0465
20.0465
20.0465
20.047
20.0467
20.0464
20.0464
20.0462
20.0464
20.047
20.0459
20.0469
20.0469
20.0468
20.0465
20.0464
20.0473
20.0465
20.0464
20.0467
20.0465
20.0466
20.0462
20.046
20.0462
20.0462
20.0463
20.046
20.0462
20.0463
20.046
20.0462
20.046
20.0457
20.0469
20.0467
20.0464
20.0464
20.0467
20.0461
20.0472
20.047
20.0468
20.0465
20.0467
20.0465
20.0471
20.0463
20.0461
20.0466
20.0471
20.0464
20.047
20.0465
20.0467
20.0457
20.046
20.0458
20.0458
20.0459
20.0463
20.0461
20.0471
20.0461
20.0463
20.0468
20.0458
20.0458
20.0459
20.0463
20.0466
20.0457
20.045
20.0463
20.0455
20.0458
20.046
20.0461
20.0458
20.0458
20.0456
20.0461
20.0457
20.0467
20.046
20.0458
20.0457
20.0463
20.0449
20.0461
20.0457
20.0456
20.0464
20.0459
20.0453
20.0455
20.0462
20.0458
20.0457
20.0461
20.0451
20.0456
20.0451
20.0447
20.0448
20.0451
20.0452
20.0458
20.0457
20.0456
20.046
20.0458
20.0456
20.0462
20.0458
20.0455
20.0452
20.0457
20.0454
20.0455
20.0456
20.0458
20.0457
20.0453
20.0455
20.0453
20.0454
20.0463
20.0459
20.0459
20.0461
20.0466
20.0459
20.0457
20.046
20.0458
20.0461
20.0458
20.0461
20.0467
20.0459
20.0456
20.046
20.0456
20.0454
20.0452
20.0454
20.0453
20.0457
20.0456
20.0451
20.0457
20.0453
20.0461
20.0457
20.0456
20.0451
20.0457
20.0455
20.0451
20.0455
20.0454
20.0456
20.0452
20.0458
20.0454
20.0451
20.0454
20.0459
20.045
20.0456
20.0449
20.0454
20.0454
20.0449
20.046
20.0465
20.0459
20.0453
20.0459
20.0454
20.0459
20.0454
20.0458
20.0452
20.0452
20.0452
20.0456
20.0451
20.0453
20.0459
20.0456
20.0453
20.0452
20.0457
20.0454
20.0452
20.0455
20.0453
20.0453
20.045
20.0454
20.0453
20.0446
20.0449
20.0453
20.0451
20.0449
20.0455
20.0451
20.0455
20.045
20.0457
20.0452
20.0447
20.0447
20.0451
20.0449
20.0451
20.0452
20.0448
20.0447
20.0451
20.0452
20.0453
20.0451
20.0451
20.0449
20.0455
20.0457
20.0453
20.0457
20.0454
20.0456
20.0453
20.0447
20.0454
20.0453
20.0459
20.0464
20.0455
20.0457
20.0454
20.046
20.0459
20.046
20.0458
20.0459
20.0456
20.0456
20.0459
20.046
20.0461
20.046
20.0463
20.0455
20.0453
20.0453
20.0459
20.0457
20.0463
20.0457
20.0454
20.0455
20.0456
20.0456
20.0458
20.0448
20.0451
20.0456
20.0451
20.0458
20.0457
20.0452
20.0449
20.0454
20.0451
20.0461
20.0456
20.0461
20.0456
20.0452
20.0458
20.0454
20.0458
20.046
20.0454
20.0455
20.0456
20.046
20.0457
20.0464
20.0459
20.046
20.0463
20.0465
20.0461
20.0461
20.046
20.0461
20.0456
20.0456
20.0456
20.0457
20.0456
20.0453
20.0462
20.0457
20.0463
20.046
20.0459
20.0456
20.0467
20.0462
20.0463
20.0455
20.0455
20.0456
20.0456
20.0453
20.0455
20.0453
20.0461
20.0456
20.0453
20.046
20.0458
20.0456
20.0459
20.0455
20.0457
20.0462
20.0466
20.0466
20.0465
20.0466
20.0466
20.0464
20.0468
20.0463
20.0467
20.0464
20.0471
20.0465
20.0466
20.0464
20.0457
20.0467
20.0466
20.0462
20.0464
20.0455
20.0457
20.0456
20.0461
20.0463
20.0465
20.0473
20.0473
20.0472
20.0476
20.0469
20.0472
20.0467
20.0459
20.0468
20.0466
20.0467
20.047
20.0466
20.0468
20.0463
20.0457
20.0466
20.0467
20.0466
20.0468
20.0461
20.0458
20.0456
20.0461
20.0463
20.0457
20.0461
20.0465
20.0466
20.0457
20.0463
20.0464
20.0459
20.0464
20.0458
20.0459
20.0461
20.0457
20.0455
20.046
20.0463
20.0459
20.0462
20.0457
20.0458
20.0459
20.0457
20.0456
20.0468
20.0463
20.0463
20.0459
20.0462
20.0463
20.0465
20.0458
20.0466
20.0461
20.0464
20.0469
20.0464
20.0457
20.0466
20.0467
20.047
20.0474
20.0463
20.0462
20.0467
20.0466
20.0462
20.0465
20.0461
20.0464
20.046
20.0468
20.0463
20.0459
20.047
20.0466
20.0469
20.0474
20.0468
20.0466
20.0469
20.0471
20.0469
20.0469
20.0469
20.0464
20.0474
20.047
20.0468
20.0475
20.0464
20.0462
20.0464
20.0463
20.047
20.0464
20.0464
20.0469
20.0471
20.0471
20.0467
20.0468
20.0469
20.0466
20.0471
20.0469
20.0465
20.0473
20.0464
20.0466
20.0466
20.0461
20.0466
20.0474
20.0471
20.047
20.047
20.0473
20.0467
20.0469
20.047
20.0469
20.0465
20.0471
20.0472
20.0476
20.0472
20.0478
20.0476
20.0472
20.0465
20.0472
20.0466
20.0473
20.0475
20.0472
20.0468
20.0476
20.0471
20.0472
20.0466
20.047
20.0471
20.0468
20.0472
20.0471
20.0462
20.047
20.0461
20.0467
20.0471
20.0468
20.0473
20.0477
20.047
20.0474
20.0475
20.0469
20.0472
20.047
20.0471
20.0478
20.0467
20.0469
20.0467
20.0475
20.0473
20.0471
20.0474
20.0475
20.0472
20.0476
20.0473
20.0473
20.0472
20.047
20.0472
20.0469
20.0471
20.047
20.0466
20.0471
20.0469
20.0467
20.0469
20.0467
20.0467
20.0468
20.0465
20.047
20.0461
20.0466
20.0472
20.0472
20.0468
20.047
20.0469
20.0474
20.048
20.0474
20.0476
20.0472
20.0478
20.0472
20.047
20.0472
20.0475
20.0473
20.0473
20.0469
20.0472
20.0474
20.0475
20.0469
20.0469
20.047
20.0466
20.0467
20.0468
20.0462
20.0468
20.0468
20.0466
20.0463
20.0463
20.0467
20.0468
20.0465
20.0457
20.0465
20.0463
20.046
20.0467
20.0467
20.0464
20.0468
20.0475
20.0473
20.0476
20.0474
20.0478
20.0476
20.0471
20.047
20.0473
20.047
20.0462
20.0468
20.0472
20.0473
20.0475
20.0469
20.0469
20.0476
20.0471
20.0472
20.0478
20.047
20.0472
20.0468
20.0471
20.0472
20.0469
20.0471
20.0469
20.0473
20.0469
20.0471
20.0472
20.047
20.0472
20.0467
20.0471
20.0475
20.0471
20.047
20.0471
20.0468
20.0469
20.0468
20.0469
20.0475
20.047
20.0467
20.0476
20.0474
20.0468
20.0471
20.0479
20.0467
20.0473
20.0472
20.0475
20.0473
20.0474
20.0475
20.0473
20.047
20.0478
20.0473
20.047
20.0472
20.0469
20.047
20.0474
20.0475
20.0472
20.0472
20.0475
20.0472
20.0472
20.0472
20.0469
20.0472
20.0467
20.0469
20.0473
20.0469
20.0477
20.0475
20.0473
20.0477
20.0476
20.0471
20.0475
20.0468
20.0465
20.047
20.0466
20.0463
20.047
20.0467
20.0467
20.0472
20.0468
20.047
20.047
20.047
20.0476
20.0475
20.0475
20.0474
20.047
20.0474
20.0466
20.0468
20.047
20.0473
20.0472
20.0465
20.047
20.0469
20.0468
20.0473
20.0476
20.0467
20.047
20.047
20.0464
20.0465
20.0468
20.0474
20.047
20.0473
20.0469
20.0475
20.0467
20.0474
20.0474
20.0467
20.0463
20.0467
20.0469
20.0473
20.0475
20.0479
20.0475
20.0475
20.0475
20.0473
20.0472
20.047
20.0465
20.0464
20.0469
20.0467
20.0471
20.0477
20.0474
20.0477
20.0471
20.0472
20.0472
20.0466
20.0468
20.0462
20.0467
20.0469
20.0467
20.0469
20.0471
20.0467
20.0469
20.0466
20.0467
20.0469
20.0462
20.0467
20.0459
20.0461
20.0463
20.0458
20.0457
20.0464
20.0465
20.0461
20.0466
20.0461
20.0464
20.0466
20.0471
20.0469
20.0468
20.0467
20.0462
20.0467
20.0466
20.0459
20.0473
20.0463
20.0465
20.0467
20.0467
20.0467
20.0472
20.0467
20.0463
20.0468
20.0465
20.0471
20.0461
20.0456
20.0466
20.0467
20.0465
20.0463
20.0459
20.0466
20.0462
20.0468
20.0469
20.0472
20.0466
20.0466
20.0469
20.0471
20.0471
20.0469
20.0469
20.0466
20.0463
20.0469
20.0466
20.0475
20.0465
20.047
20.0474
20.0471
20.0467
20.0465
20.0461
20.0469
20.0466
20.0469
20.0474
20.0464
20.0469
20.047
20.0466
20.0468
20.0474
20.0476
20.0477
20.0467
20.0461
20.047
20.0473
20.0473
20.0473
20.0473
20.047
20.0476
20.0477
20.0474
20.0471
20.047
