20.0467
20.0468
20.0469
20.047
20.0472
20.0469
20.0476
20.0475
20.0472
20.047
20.0471
20.0469
20.0467
20.0466
20.0467
20.0467
20.0469
20.0469
20.0475
20.0474
20.0469
20.0467
20.0466
20.0467
20.0466
20.0465
20.0463
20.0467
20.047
20.0472
20.0472
20.0465
20.0464
20.0468
20.0463
20.0468
20.0467
20.0475
20.0472
20.0471
20.0472
20.0467
20.0474
20.047
20.0472
20.0472
20.0478
20.0469
20.0472
20.0473
20.0476
20.0473
20.0472
20.0475
20.047
20.0472
20.0468
20.0474
20.0476
20.0475
20.0472
20.0472
20.047
20.0467
20.0465
20.0465
20.0476
20.0479
20.047
20.0473
20.0472
20.0475
20.0472
20.0472
20.0465
20.0471
20.0469
20.0471
20.0466
20.0468
20.0476
20.0471
20.0463
20.0467
20.047
20.0474
20.0475
20.0466
20.0469
20.047
20.0468
20.0462
20.047
20.0468
20.0467
20.0467
20.0462
20.047
20.0471
20.0469
20.0463
20.0464
20.0467
20.0466
20.0469
20.0463
20.0463
20.0472
20.0462
20.0466
20.047
20.0466
20.0467
20.0459
20.0464
20.0466
20.047
20.0476
20.047
20.0472
20.0469
20.0469
20.0469
20.0469
20.0471
20.0467
20.0472
20.0474
20.0472
20.0467
20.0468
20.0464
20.0466
20.0471
20.0464
20.0468
20.0471
20.0467
20.0469
20.0466
20.0467
20.0462
20.0462
20.0467
20.0466
20.0462
20.0457
20.0467
20.0465
20.0464
20.0469
20.0468
20.0458
20.0466
20.0463
20.0468
20.0458
20.0465
20.0465
20.0461
20.0469
20.0463
20.0466
20.0465
20.0461
20.0456
20.0458
20.0461
20.0459
20.0465
20.0464
20.0462
20.0458
20.0456
20.0465
20.0463
20.0468
20.0464
20.0463
20.0459
20.0463
20.0462
20.0457
20.0458
20.0455
20.0454
20.0456
20.0454
20.0459
20.0459
20.0455
20.0459
20.0457
20.0457
20.0461
20.0458
20.0463
20.0462
20.0456
20.0452
20.046
20.0465
20.0461
20.0465
20.0462
20.0464
20.0468
20.0457
20.0453
20.0453
20.0452
20.0457
20.0455
20.0456
20.0465
20.0456
20.0458
20.0462
20.0462
20.0462
20.047
20.0463
20.0468
20.0457
20.0453
20.0456
20.0455
20.0458
20.0458
20.0461
20.0461
20.0463
20.046
20.0459
20.0464
20.0454
20.0449
20.0453
20.0463
20.0463
20.0459
20.0458
20.0459
20.0454
20.046
20.0455
20.0459
20.0464
20.0465
20.0467
20.0458
20.0467
20.0467
20.0465
20.0465
20.0469
20.0466
20.046
20.0466
20.0465
20.0463
20.046
20.047
20.0466
20.0473
20.0473
20.0463
20.046
20.0469
20.0463
20.0471
20.0469
20.0475
20.0474
20.047
20.0474
20.0473
20.0474
20.0471
20.0463
19.9225
20.0467
20.0476
20.0474
20.0475
20.0472
20.0476
20.0472
20.0479
20.0476
20.0479
20.0482
20.0477
20.0479
20.0478
19.9225
20.0477
19.9229
19.9222
20.0474
20.0474
20.0478
20.0473
20.0479
20.0474
20.0471
20.0476
20.0469
20.0469
20.0467
20.0474
20.0471
20.0476
20.0475
20.0476
19.9222
20.0469
20.0471
20.0468
20.0461
20.0468
20.0465
20.0472
20.0473
20.0469
20.0462
20.0467
20.0478
20.0473
20.047
20.0464
20.0467
20.0464
20.0468
20.0469
20.0472
20.0458
20.0476
20.0468
20.0467
20.0465
20.0474
20.0473
20.0471
20.0466
20.0468
20.0465
20.0467
20.0463
20.0454
20.0462
20.0459
20.0464
20.0467
20.0467
20.0467
20.0467
20.0466
20.0468
20.0468
20.0467
20.0465
19.9215
20.0463
20.0467
20.047
20.0469
19.9223
20.0465
20.0468
20.0466
20.0466
20.0466
20.0467
20.0473
20.0464
20.0471
20.0464
20.0463
20.0464
20.046
20.0467
20.0462
20.0464
20.0467
20.046
20.046
19.9213
20.0464
20.046
20.0469
20.047
20.0469
20.047
19.9217
20.047
20.0471
20.0467
20.0473
20.047
20.0463
19.9218
20.0469
20.0471
20.0471
20.0459
20.0468
20.0459
20.0458
20.0464
20.0465
20.0459
20.0466
19.9218
20.0465
19.9215
19.9214
20.0469
19.9226
20.0472
20.0467
20.0463
19.9211
20.0467
20.0466
20.0473
20.0469
20.0466
20.0467
20.0469
20.0471
20.0473
20.0465
20.0471
20.0469
19.9225
19.9224
19.9225
19.9225
19.9215
20.047
20.0465
20.0473
20.0469
20.046
20.0461
20.0462
20.0463
19.9218
20.0465
20.047
20.0468
20.0468
20.0467
20.047
20.0475
20.0466
20.047
19.9219
20.0474
20.0473
19.9224
19.9217
19.9213
20.0469
20.0472
20.0474
19.9221
19.9218
19.9222
19.9222
19.9217
19.9216
19.9215
20.0469
20.0468
20.047
19.9223
20.0471
20.0472
20.0472
19.9224
19.9218
19.9222
19.9226
20.0477
19.9224
20.0472
20.0472
19.9218
20.0471
19.9223
19.922
20.0473
20.0468
20.0468
20.0463
20.0461
20.0466
20.0467
20.0463
20.0456
19.9209
20.0453
20.0457
20.0472
20.0469
20.0467
20.0464
20.0463
20.0465
20.0459
20.046
20.0462
20.0462
20.0461
20.0458
20.0454
20.0461
20.0465
20.0464
20.0467
20.0466
20.0462
20.0467
20.0462
19.921
20.0472
20.0462
20.0466
20.0466
20.0465
20.0461
20.0456
20.0464
20.0468
20.0468
20.0469
20.0465
20.0464
20.0457
20.046
20.0463
20.0462
20.0455
20.0467
20.0457
20.0462
20.0469
20.0464
20.0467
20.0465
20.0464
20.0463
20.0462
20.0464
20.0465
20.0472
20.0472
20.0459
20.0462
20.0464
20.0465
20.046
20.046
20.047
20.0466
20.0458
20.0463
20.0463
20.0469
20.0466
20.0472
20.0475
20.0479
20.0477
20.0474
20.0473
20.047
20.0464
20.0468
20.0467
20.0472
20.047
20.0468
20.0466
20.0471
20.0475
20.0475
20.0474
20.0466
20.0473
20.0464
20.047
20.0472
20.0466
20.0473
20.0477
20.0477
20.0471
20.0479
20.0476
20.0471
20.0467
20.0472
20.0474
20.0473
19.9224
20.0465
20.0475
19.9218
19.9218
20.0466
20.0465
20.0467
19.9211
19.9214
20.046
20.0459
20.0462
19.9206
19.9213
20.0463
19.9222
19.9222
19.9228
20.047
19.9215
19.9217
19.9218
19.9218
19.9223
20.0466
20.0467
20.0471
19.922
20.0468
19.9224
19.9223
20.0468
20.0464
20.047
20.047
20.0467
20.0464
20.0459
20.0465
20.0467
20.0463
20.0462
20.0464
20.0468
20.0465
20.0471
20.0468
20.047
20.0459
20.0461
20.0462
20.0466
20.0466
20.0466
20.0471
20.0461
20.0472
20.0469
20.0474
20.0472
20.0468
20.0466
20.0473
20.0467
20.0467
20.0469
20.0466
20.0464
20.047
20.0469
20.0464
20.0455
20.047
20.0467
20.0472
20.0468
20.0466
20.0472
20.047
20.0469
20.0473
20.0473
20.0472
20.0473
19.9219
20.0472
20.0469
20.0477
19.9222
19.922
20.0471
20.0475
19.9225
19.9229
19.9226
19.9223
20.0466
19.9224
19.9214
19.922
20.0474
19.922
19.9224
19.9225
19.9226
19.9222
19.9218
19.9216
19.9212
19.9228
19.9226
19.9216
19.922
19.9217
19.9223
19.9219
19.9221
19.9226
19.9224
19.9221
19.9224
19.9226
19.9227
19.9227
19.9215
19.9225
19.9222
19.9223
19.9229
19.9225
19.9224
19.9228
19.9219
19.9221
19.9218
19.9223
19.9222
19.9227
19.9223
19.9225
19.9221
19.9225
19.9223
19.9211
19.9222
19.9222
19.9224
19.9214
19.9219
19.9223
19.9225
19.9222
19.9222
19.9219
19.9223
19.9223
19.9223
19.9218
19.9226
19.9223
19.9222
19.9226
19.922
19.9222
19.9222
20.0478
20.0473
19.9226
20.0476
19.9225
19.9224
19.9221
19.9221
19.9225
19.9219
19.9222
19.9227
19.922
19.9218
19.922
19.9223
19.9225
19.9228
19.9225
19.9228
19.9222
19.922
19.921
19.9217
19.9222
20.047
19.9225
19.9224
19.922
19.9222
20.0473
20.0475
20.0476
20.0477
20.0477
19.923
19.9222
19.9228
19.9224
19.9216
19.9218
19.9221
19.9223
19.9213
19.9218
19.9223
19.922
20.0468
19.9221
20.0468
20.0465
20.0462
20.0465
20.0459
20.0466
20.047
19.9221
19.9221
19.9222
20.0473
20.0473
20.0471
20.0468
20.0476
20.0471
19.9216
19.9215
20.0468
20.0472
20.0469
20.0463
20.0471
20.0471
20.047
19.9223
20.0465
19.9217
19.9223
19.9219
19.9221
19.9226
19.9217
20.047
19.9213
19.9222
19.9223
19.9222
19.9219
19.9221
20.0465
20.0467
20.0463
20.0474
20.0464
20.0468
20.0466
20.0467
19.9212
20.0467
19.9216
19.9215
19.9219
19.9218
19.9218
20.047
20.047
19.9213
20.0462
20.0465
19.9214
19.921
19.9212
20.0461
19.9211
19.9211
19.9209
19.9213
19.9215
20.0461
19.9213
19.9215
19.9216
20.0461
20.0464
20.0467
19.9213
19.9216
